-0.019343944
-0.008113579
-0.016866414
-0.01045249
0.039126456
-0.021467818
-0.01419648
0.020464197
0.02241359
-0.021180764
-0.03403246
0.0039429176
-0.031476054
0.019989165
0.0027371766
-0.0114571
-0.023092687
0.045151364
-0.0040265536
-0.02734183
-0.046277322
-0.028155401
-0.014529235
0.06163956
-0.030227968
0.041852355
0.023590986
0.011932849
0.0025448285
-0.002838557
-0.023230102
-0.027587218
-0.016121946
0.03869317
-0.040797215
-0.014897448
0.0063930154
0.017704519
-0.014761794
0.041344047
-0.004901994
-0.016488701
0.04808687
0.011189666
0.009159927
-0.009755526
-0.008279116
-0.009077244
-0.03903725
0.0034757184
0.020617247
0.02821528
-0.021011578
0.0029035208
0.04849943
0.038695328
-0.0021190988
0.010476152
0.00067859085
-0.035390906
0.011698279
-0.01784538
-0.03074558
-0.0233054
-0.00051271886
-0.003880601
-0.015383124
0.017736083
0.02368424
-0.0001290155
-0.016383303
0.009117138
0.0043443097
-0.004879079
0.024990145
-0.0073787062
0.048862495
-0.0012905003
0.025401037
-0.0047267256
0.011244303
-0.030631531
0.012719907
-0.013473154
-0.0010455531
-0.020913033
-0.017186085
-0.027771035
-0.001539352
-0.03629222
-0.0315639
-0.002867814
-0.042439546
-0.008515334
0.00986909
0.0026536714
0.025175758
-0.04153411
-0.01459648
0.056472126
0.0060530654
0.03303316
-0.006878206
-0.01501628
0.018166577
-0.0058944183
-0.022091867
-0.04632481
0.00045415823
-0.018999698
0.055061106
-0.033371862
0.028808285
0.00035407182
0.022937646
0.0275243
-0.030277353
0.01171586
-0.009689363
-0.02232674
0.03318782
0.002876237
-0.005965168
-0.004799554
-0.02087103
-0.0075297626
-0.05750997
0.008073206
