0.012868016
0.016616583
-0.016501958
-0.028354935
-0.006004513
-0.0033024566
0.052285083
-0.0056014834
0.00555232
-0.021280792
-0.01879347
-0.0060046013
-0.0066758124
0.00872226
-0.003235054
-0.003987499
-0.008178633
0.014981098
-0.010494592
-0.0060041365
-0.012263327
-0.005831424
0.018198684
-0.002198633
0.00548189
-0.0070134937
-0.009815391
0.012162274
-0.0045936196
-0.0038701792
0.037056737
0.0097532505
-0.00600342
-0.018583404
-0.016533554
-0.0030857886
-0.008656216
-0.0055093523
-0.0060022674
-0.0060046446
-0.005912744
-0.011658227
0.02252205
-0.0060025062
0.020444673
-0.006004182
-0.0083778035
-0.0029236735
-0.00600207
-0.006002491
0.014196427
-0.0059993956
-0.004468939
0.01154369
-0.0060001276
0.046197303
-0.0060034688
-0.00832433
0.016546788
0.010929205
-0.003861858
-0.006003932
0.002295649
-0.008502597
-0.0060012992
-0.0017363507
-0.007060543
-0.004317103
-0.005444789
-0.026407568
0.033724315
-0.0056651123
0.012019128
-0.0057196175
0.031916264
-0.0060022334
-0.0016373399
0.032769527
-0.0060044895
-0.004413978
-0.009485084
-0.006003507
0.023744933
-0.006003591
-0.004361119
-0.0059947697
-0.004364329
-0.0016491064
0.071526155
-0.006003717
0.016442366
0.0021170864
-0.0041252854
-0.018423334
0.0137013495
-0.0012672463
-0.0038485306
-0.005933814
-0.0060040997
-0.0032654444
-0.0035548727
-0.00043014254
-0.0069855605
-0.006004399
-0.012448027
-0.0030851061
0.0073575536
-0.03389984
0.0019611914
-0.001647409
-0.0060037053
-0.006939048
0.006030686
-0.0055541643
-0.006001122
-0.026219742
-0.007278026
-0.005999066
-0.006002605
-0.007335502
0.011926365
-0.0037521913
0.011439543
0.041317116
-0.0014593173
0.0100344485
-0.034953732
-0.0077813356
