-0.03378597
0.013111889
-0.0755205
-0.04291159
0.067495815
0.042589232
-0.04579518
0.0359864
-0.007180481
-0.039516542
0.051683772
0.091298044
-0.06649077
0.020605965
-0.07604052
0.00322854
-0.00413455
-0.08807205
-0.00695932
-0.07342944
-0.059250563
0.0853174
-0.031043036
-0.012641676
-0.04917684
-0.075567305
0.0812825
-0.000103968574
-0.037708208
-0.07009434
0.002614645
-0.08676438
-0.05025255
-0.10268105
0.015160633
-0.045034353
0.06090524
-0.061057303
-0.07637012
-0.0773989
0.03963782
-0.09151754
-0.04206668
-0.056288145
-0.036155984
-0.03504968
0.02104989
0.08886156
0.0044870107
-0.048922945
0.06598915
-0.0009813604
0.047338504
-0.0704433
0.062167153
0.024389068
0.07975671
-0.0134138
0.0014009628
-0.07223612
0.020779148
0.05755413
-0.0031649845
-0.07901634
-0.04799667
0.073965296
0.09087066
-0.1173467
-0.020379063
0.0072005326
-0.06271384
-0.053570773
0.039623436
0.011821126
-0.035152595
0.046350088
0.023105798
0.08186047
0.023248898
0.022305315
-0.05401378
0.08491338
0.008275658
-0.054400828
0.019484073
0.050422516
0.012691875
-0.02769461
0.060429882
-0.07338725
-0.049680363
-0.099671334
-0.1072207
-0.035834026
-0.05352794
-0.09801507
0.048015885
-0.010379735
0.055903103
0.10690035
-0.008503343
-0.014331631
-0.054030392
-0.0840144
0.08243062
-0.04090466
-0.09721624
-0.077486254
0.020063646
0.026944311
0.025670797
-0.069244236
0.0683248
-0.01485825
-0.049728163
-0.020893022
0.06720276
-0.093855396
-0.025521692
-0.023409983
-0.035088953
-0.01283187
0.059633777
0.06270231
-0.014741151
0.0470353
0.022550011
0.03323003
0.08540047
0.053677704
-0.067456804
-0.10919461
0.053688087
-0.074833505
-0.0031283346
-0.08047466
-0.03074415
-0.08802811
-0.028291497
-0.0071676155
-0.047319572
0.08410677
-0.04974753
0.051592845
0.07564369
0.007825955
0.029785141
0.04776991
-0.06736443
0.07902026
0.0008803648
-0.03406487
-0.08486908
0.019711861
-0.03159611
-0.042433377
-0.0923283
0.11713862
-0.012139445
-0.06580863
-0.025702741
-0.0034207185
0.08216239
0.018477894
0.050616704
-0.09267281
-0.032350514
-0.064762026
-0.010693
0.048071023
0.042020295
-0.0991871
-0.078705035
0.09973642
0.070462584
-0.047619857
-0.07535876
-0.04103652
-0.039332934
-0.098122835
-0.022001673
0.053885147
-0.013159255
-0.047204014
-0.1167635
0.082284786
-0.09284998
0.062721975
-0.06472559
0.09476977
0.056585647
0.049626272
-0.044163357
0.032422025
-0.017014103
0.09012269
0.067284375
-0.059046
0.088851616
-0.02528154
-0.09561467
-0.029191675
0.045698978
0.0646206
-0.09747818
-0.04100516
0.017155804
0.035668954
-0.01905225
-0.070691414
0.02668225
0.036556654
0.0016089443
-0.0729074
-0.06674612
-0.09947515
0.009005183
-0.0077915466
-0.09941494
-0.03847811
-0.08100778
0.09058966
0.08303849
0.004470808
0.056063283
-0.027643627
0.009692648
-0.07734142
-0.04524183
0.0018883501
0.08838707
0.09855363
0.06515258
0.099381045
-0.061597362
0.084229656
0.08329687
0.034478277
-0.097401835
-0.105829276
0.09541169
-0.053440884
0.00087093574
0.07585344
0.09754915
0.015867068
-0.039731164
-0.027975285
-0.024053004
-0.021145362
0.02550922
0.074842125
-0.04425134
0.038524505
-0.033847082
0.060765848
-0.02187027
0.050520223
-0.06993984
0.018894728
0.07272289
-0.03172704
-0.018760953
-0.019998288
0.03870413
-0.08422357
-0.0058202683
0.03997976
-0.042512678
-0.015882961
-0.087512046
0.042330924
-0.021446833
-0.082711324
-0.083889246
-0.057338502
0.0798612
0.04576026
-0.026410872
0.09048834
0.09023621
0.045080803
0.012486294
-0.03926222
0.014618723
-0.067707814
-0.06068069
0.057558898
0.04693679
0.04182315
-0.042241625
0.052751273
0.025881073
0.043009736
-0.070889
0.078583695
-0.08384633
-0.06482274
-0.08981744
0.06644742
-0.07061166
-0.07810304
0.074684255
-0.095144436
0.033186875
-0.043058176
-0.055975683
-0.0046655503
-0.0043965727
-0.03900655
0.016544174
0.066449694
-0.10443043
-0.07167954
0.04961677
0.034787435
-0.020714752
-0.016178649
0.025417656
-0.023869514
-0.055746853
-0.020680327
-0.03661787
0.076867096
0.033447824
0.06524156
0.04836199
0.06593986
-0.078487724
-0.054826483
-0.0050222375
-0.033549692
0.021365518
-0.024359124
0.024938865
-0.006068027
-0.030556208
-0.061151892
-0.038975317
-0.05354143
0.021149583
-0.030928208
0.100532964
-0.04759737
-0.036746796
0.062421896
-0.07167507
-0.043157645
-0.011420219
-0.012490624
-0.00017153207
-0.07046988
-0.09900529
0.012772759
-0.045815017
0.10403458
-0.017675212
-0.0932364
0.08437787
-0.045221545
-0.10006911
-0.013578967
-0.046904005
-0.05177635
-0.07809732
0.010243129
0.026642418
-0.034829408
-0.09196506
0.035540342
0.052168876
0.09273654
0.004857887
-0.034462936
0.025605446
-0.10553454
0.012270165
0.0050776103
-0.077673115
0.03071133
-0.0054105865
0.06895426
0.016621111
-0.047135845
-0.03286831
0.05444427
0.005964044
0.09289966
0.097182855
-0.067717545
-0.065254614
0.10455124
-0.012303556
-0.01070378
-0.027031576
0.0022265709
-0.0013841599
0.07045171
-0.00503715
-0.07048171
-0.04848685
0.08600904
-0.049923044
-0.07519246
0.09475434
0.0113855135
0.04179176
0.07565118
-0.04606263
-0.07810495
0.0735806
-0.061909378
-0.01169914
-0.046842296
-0.012509665
-0.063020825
-0.08210168
-0.013739678
0.001263576
0.06009969
0.05191297
0.052314498
0.0063552777
0.010127996
0.08163084
0.068478376
-0.034140892
-0.076856665
0.074759535
-0.010184449
-0.08959774
-0.035201248
-0.016237
0.10530325
0.05426292
-0.03892717
0.07053425
-0.09931567
0.032808404
0.009375028
0.094057806
-0.09811323
-0.06467178
-0.002037251
0.060642045
-0.022139346
0.0040126336
0.10605805
0.04994253
-0.067723535
0.080155335
0.032052003
0.029702147
-0.055488743
0.017402405
0.07745365
0.050470397
0.020811537
-0.09276416
-0.07961254
0.08705633
0.05394415
-0.10297759
-0.05365019
0.030460296
-0.045713823
0.047188018
-0.09438131
-0.09576948
0.007676937
-0.07142016
0.043237843
0.029199962
0.060189232
-0.00018865951
-0.10651745
-0.07524674
-0.004102909
-0.10162516
-0.06987476
-0.07796508
-0.015841605
-0.05128164
-0.08267488
-0.0017352243
-0.04310515
-0.031122265
0.09461746
0.011826018
-0.02852439
-0.013143223
-0.053171605
0.032135542
-0.057310283
-0.058701444
0.0121514
0.058177236
-0.04678746
-0.08793987
0.057871442
0.03846738
-0.087078325
-0.11321919
0.08944898
-0.0163207
0.0457194
0.06729431
0.057663027
0.10740261
-0.083875574
0.096321926
-0.07127727
-0.028980397
0.043409545
0.06262681
-0.087804854
-0.022046719
0.03199194
0.016655449
-0.040632203
-0.071643665
-0.096127816
-0.004252624
0.057060014
0.07497659
-0.019916905
-0.09854021
0.041475397
-0.016893575
0.017584886
0.008345657
-0.061686568
-0.09312484
-0.06404236
0.010699645
0.0869744
-0.019656476
-0.06538768
0.03347926
-0.04427909
-0.08642728
-0.01178471
0.08420667
0.019099932
-0.06910099
0.055139843
0.07738698
0.0614495
-0.09123702
-0.030677198
0.012702106
-0.06479008
-0.0021404289
-0.012652807
-0.0057590106
0.06281554
0.020635618
0.07769248
-0.060389604
0.06599046
-0.0023561362
0.1068115
0.03546005
0.017482067
0.005588914
0.07848679
-0.03025027
-0.066689834
0.07130592
-0.013291275
-0.04926747
0.04829704
-0.070335254
-0.042862643
-0.022893358
-0.089761235
