-0.02610362
0.15197429
0.052270908
-0.17765163
0.10919994
0.09406969
0.0690265
-0.14970797
0.14441645
0.048920974
0.18058853
-0.10062101
0.030089958
0.14695002
0.057633832
0.00077404315
0.18228854
-0.0401702
-0.112656325
0.18374437
-0.17212984
-0.0035412381
0.07516096
0.08406957
0.2117164
0.11627862
0.14583547
-0.053291086
0.16415796
-0.18581003
-0.18179375
-0.18952462
0.11614429
-0.08202369
-0.06652829
-0.09349983
-0.14660151
0.088871375
-0.15351464
-0.040024504
-0.07486643
0.11522777
0.19922364
0.1356936
0.16406827
-0.06304513
0.067232944
-0.13328838
0.027315192
-0.13097861
0.1863916
-0.043557897
0.028124088
0.0034362173
-0.06859381
0.091908984
0.070845515
-0.15134273
0.07985502
0.15595205
0.030849027
-0.047759257
0.034307156
0.050466593
-0.18365599
0.14861071
0.032390524
0.1682933
0.1902343
0.075716384
-0.093535714
0.041400634
-0.08563456
-0.16306706
0.15420114
-0.18889445
-0.28929472
-0.09318238
-0.23194961
-0.14388102
-0.00610613
0.1442107
0.1947253
-0.043433506
-0.18671118
0.14068034
0.05861992
0.044609338
0.14325683
0.016445385
-0.13025741
-0.19225203
0.10639104
-0.05696897
-0.18436971
-0.021363633
-0.20157374
0.04994762
0.06165066
-0.06733485
0.22467074
0.010708091
-0.052260544
-0.09442711
-0.14318065
-0.099495806
-0.10384845
0.14085719
0.11903241
-0.1356468
-0.0070376475
-0.12472748
-0.031571683
0.119665936
-0.10268894
0.11073756
-0.11711532
0.06913575
-0.08546867
-0.0623737
0.04813994
-0.1737662
-0.16972849
-0.056381933
-0.063541174
0.1193803
0.013664988
-0.024981571
0.034758627
0.10809234
0.13513178
-0.253418
0.14989583
-0.13205808
-0.055019815
-0.006510839
-0.1660903
0.064814985
0.10923111
-0.22509006
0.08549199
-0.11692061
0.053000547
-0.14710215
-0.070921056
0.19098541
-0.093500525
-0.11126503
0.06741054
-0.011159264
0.0022546176
-0.0689148
0.15969355
0.20068775
0.19575845
-0.14120519
0.11651611
0.032099918
-0.009122729
0.023026258
-0.103567936
-0.07322491
0.036196567
-0.11265939
-0.09314715
-0.10773364
0.23257074
-0.14919691
0.18923774
0.21388748
0.038557023
0.09081598
0.061020944
0.14583816
-0.18536186
0.11173954
0.11958178
-0.17662334
-0.16379607
0.13560781
0.040231388
-0.14390463
0.022274287
-0.19334885
-0.14899385
0.1184613
0.18119727
0.13958248
0.0109080905
-0.072602816
0.010746395
-0.105556734
0.12075906
0.06491083
0.2052869
0.06335681
-0.19549377
-0.015682206
-0.16284053
0.1393677
0.10776715
-0.17290673
-0.15742446
0.12469835
0.18697046
0.1894942
-0.025438683
-0.19207077
-0.20485644
0.09585722
-0.04124168
-0.20456515
0.003837692
-0.14525
0.03309689
0.0714045
0.20760475
-0.16774085
-0.11093203
-0.16187254
0.08237077
0.09334398
-0.023441467
0.10130283
-0.18631953
0.1312368
-0.05974801
0.18003091
0.15191032
0.1297318
0.05159975
-0.14824876
-0.015812669
0.06441335
-0.08265819
-0.051018473
-0.18505283
0.064702995
-0.02675623
0.10123752
0.13475493
-0.18477926
0.2147635
0.210037
0.18302763
-0.00625814
0.098396756
0.02542009
-0.18479073
-0.14804174
-0.014683866
-0.1399014
-0.040850163
-0.0024379669
0.22016197
0.07229947
-0.25515628
-0.083115816
0.04767607
0.10315266
0.07711319
-0.17630622
0.09955352
0.091523975
-0.051658038
-0.2106975
-0.012552842
-0.107037246
0.11785487
0.08165891
-0.13660221
0.1440118
0.049451675
0.06250085
-0.045355428
-0.010303113
0.20892972
0.13611834
0.14200641
-0.04121142
-0.00031381467
0.11036847
0.1401751
0.12977602
0.12499301
-0.08093438
0.0024928467
-0.16404523
0.10722973
-0.13481271
0.0048305644
0.16340786
0.11979966
0.0016664518
0.10747237
-0.12854993
-0.04161213
-0.18381521
-0.15233833
0.14215022
-0.08062335
-0.00030859813
0.18673398
-0.10155048
0.1310178
-0.1259466
-0.12703814
-0.12361636
-0.014474015
0.19786444
0.03911339
-0.13209584
0.08540665
-0.008754727
0.00011373086
0.14367068
-0.14192894
-0.09614988
0.11380098
-0.00047787582
-0.15727237
-0.12275473
-0.1932919
0.12167254
0.021638758
-0.0067436453
0.098863244
0.10826127
-0.0076610562
0.051742233
-0.030395033
-0.21209644
-0.04533685
-0.08481146
0.04219141
-0.13445699
-0.1752816
0.21017139
-0.03838135
0.16012551
-0.15714003
0.16445091
-0.025940772
-0.24797449
0.10209509
0.008030178
0.16044912
0.18290977
-0.15999684
0.053121965
0.06673419
-0.004343341
0.014335097
0.0058847484
-0.03859951
0.048910737
-0.098759435
-0.101444006
0.017440578
-0.09137215
-0.022123786
0.073276065
0.03650639
-0.15041614
0.17575857
0.032192063
0.125224
-0.034935735
-0.023887604
0.06494764
0.07350715
0.13379705
0.12612763
0.10600827
0.23719949
0.048836343
-0.07861305
0.058990225
-0.12345646
0.040479034
-0.086884335
0.05640211
-0.04142218
0.084325746
0.13202915
0.12264814
-0.07566071
-0.15648247
-0.20121396
0.041434985
0.12395342
-0.021136755
-0.20320149
-0.040989157
0.18038437
0.10375225
0.16758402
0.1263596
-0.20842217
-0.14163572
0.05192319
-0.13807777
-0.11604257
0.13336675
-0.05129253
-0.21531188
-0.06457658
0.10142784
-0.037836812
-0.24389547
-0.16220832
-0.075136624
-0.08952597
-0.1331436
-0.06681837
-0.12281985
0.06599447
-0.10125536
-0.053439826
-0.20045362
0.0959266
0.021329436
-0.23931317
0.06527402
-0.1467892
0.001349774
-0.015666934
0.04909231
-0.098918654
0.13047846
-0.0052372557
-0.033188857
0.12678565
-0.18234496
0.12337415
-0.1509944
-0.16353983
0.19319896
0.16503496
-0.07636076
0.23315637
0.069244616
-0.032381598
0.14312594
-0.19260316
0.09444376
0.10637506
0.0472049
0.129951
0.05847197
-0.19032966
-0.10222362
-0.102757834
0.20708019
-0.08784928
0.17144112
-0.03597434
-0.046041988
-0.07171881
0.106856816
0.097902656
0.093540326
-0.23232988
-0.09822614
-0.10204147
-0.003959013
-0.1490547
-0.041955043
0.04262245
0.028972961
-0.19659472
0.14986147
0.032490972
0.15289997
0.02361588
-0.04528733
0.0922626
-0.17261133
0.19754472
-0.16217102
0.13965367
0.08411414
-0.13335742
-0.07697286
0.123895176
0.1269007
-0.08814551
-0.11910305
-0.004504687
0.19414015
0.17175685
-0.022278357
0.03776133
0.1249126
-0.056619275
-0.16115871
0.09458861
0.019819701
0.1255713
-0.014401689
0.0706376
-0.08654222
0.090867445
-0.055096075
-0.03260075
0.20900995
0.16934007
-0.010341099
-0.041910052
0.123120196
-0.017777031
-0.17969386
